29400268359502075532409942512
31583172674519691490827836477
7205655486834988343978184762302679119625023511806427899440
1
29400268359502075532409942512
31583172674519691490827836477
928553752275371829495981801584024751085813769008906610224
1
4294967296
4294967296
79228162514264337593543950336
1
4294967296
4294967296
18446744073709551616
1
0
0
29400268359502075532409942512(1593791741, 1509463632, 74559984)
31583172674519691490827836477(1712127221, 1653362466, 1465785405)
7205655486834988343978184762302679119625023511806427899440(1, 635342258, 3279025701, 2287159654, 3125851034, 3755182245, 1689101872)
928553752275371829495981801584024751085813769008906610224(635342259, 1414581787, 3169954098, 2161222028, 3755182245, 1689101872)
29400268359502075532409942512
31583172674519691490827836477
928553752275371829495981801584024751085813769008906610224
1
4294967296(1, 0)*4294967296(1, 0)=79228162514264337593543950336(1, 0, 0, 0)
4294967296*4294967296=18446744073709551616
18446744073709551616(1, 0, 0)


448968907957815872632745371015870694549872377814(1319401037, 2139582208, 2056177468, 1059734867, 851378134)
316542994049231863840759002683186011321488622827(930236253, 1044160532, 1340903126, 1688123216, 1637074155)
142117962359981038169205334333138858004573428128436007673384219623875478990144292013204603056498(285765779, 2526400525, 4075519985, 489459148, 2122799779, 4241481528, 2164989783, 2347561008, 2424817078, 3474370930)

448968907957815872632745371015870694549872377814
316542994049231863840759002683186011321488622827
142117962359981038169205334292057709198944490514309793905410892653643763536978005366030688760178
142117962359981038169205334292057709198944490514309793905410892653643763536978005366030688760178(285765779, 2526400525, 4075519983, 2534789154, 1145237957, 3173713346, 2164989783, 2347561008, 2424817078, 3474370930)


338458098890190899406576092401746510736592503850(994638958, 380862016, 1414111738, 1596559105, 1891664938)
403168859662202312100918816244137085666766788029(1184806792, 1722093372, 1838550302, 1209918157, 650024381)
136455765772995166840298898666923980204994845919941972125134416399268753139872296343111418381570(274380434, 2837787177, 3064056978, 808812178, 3375753632, 684290478, 172140157, 1188982501, 3545339602, 2654602498)

338458098890190899406576092401746510736592503850
403168859662202312100918816244137085666766788029
136455765772995166840298898666923980198717744186016792998629529894264771556486223918303316411650
136455765772995166840298898666923980198717744186016792998629529894264771556486223918303316411650(274380434, 2837787177, 3064056978, 808812177, 3375753633, 684290478, 172140157, 1188982501, 3545339602, 2654602498)

ERROR: Failed on test #29705(29705)
4417933190338679574748455889320669243262966222163789133015537719986233246476031588960462685414809711809153(2068333335, 1640017534, 134366295, 1731140303, 1996272512, 1116291214, 86289711, 203676750, 557128336, 1243705927, 589435521)*4191609518888280575309508777463933416934352244373320807760791052212792405765851196543430675949663497371738(1962375917, 1151912219, 707937622, 63475617, 1008941517, 1815201879, 1481175357, 629990850, 2088730315, 1825146067, 1445347418)=
18518250814436079185060835999537045403675589297393580544597446468848331228405628338711027120583139541495160604255666371809081153703987508551032709977839181486421617124181227787071504517009655190055998994436374874(945024082, 113924939, 3635556396, 1974666183, 3307167148, 110123870, 2672022393, 3179925354, 960208300, 547296755, 1717918770, 4227437317, 596818988, 2927423077, 3827705889, 2153527305, 3011361473, 1405951630, 3967178629, 3186337078, 3264832355, 4089495898)
18518250814436079185060835999537045403675589297393580544597446468848331228405514731279800796099042929297647065967249035994005151623404816821921542501276522521274094998926587264869464868015050225247967236551917914(945024082, 113924939, 3635556396, 1974666183, 3307167148, 110123870, 2672022393, 3179925354, 288889910, 3408177981, 3823323229, 4227437317, 596818988, 2927423077, 3827705889, 2153527305, 3011361473, 1405951630, 3967178629, 3186337078, 3264832355, 4089495898)


18 5182508144 3607918506 0835999537 0454036755 8929739358 0544597446 4688483312 2840562833 8711027120 5831395414 9516060425 5666371809 0811537039 8750855103 2709977839 1814864216 1712418122 7787071504 5170096551 9005599899 4436374874
(945024082,	113924939,	3635556396,	1974666183,	3307167148,	110123870,	2672022393,	3179925354,	960208300,	547296755,	1717918770,	4227437317,	596818988,	2927423077,	3827705889,	2153527305,	3011361473,	1405951630,	3967178629,	3186337078,	3264832355,	4089495898)
(945024082,	113924939,	3635556396,	1974666183,	3307167148,	110123870,	2672022393,	3179925354,	288889910,	3408177981,	3823323229,	4227437317,	596818988,	2927423077,	3827705889,	2153527305,	3011361473,	1405951630,	3967178629,	3186337078,	3264832355,	4089495898)


11, 12, 19, 20, 21, 22, 23, 24,
